ale
SaSietul
Barto aus SASS g4gras ze Bazoelsl
SHAG 2022 | 2023 | 2024 | 2022 2023 | 2022 | 2023 | 2023 | 2023 | 2024
« 5.73 7.62
2] 2 a 20.88 | 19.87 | 15.48 773g go, | 122.54 | 128.26 708 | 2928 | 3298

Sta} 9.67 | 9.33 | 8.00 2.3 3.3 116.25 | 110.29 7 12 12
s2/sta} 9.82 | 14.33 | 7.70 18 4] 62.75 | 113.61 3 9 10
3}sta} 12.88 | 14.50 | 14.67 3.5 5.2 95.35 | 95.42 2 6 6
S812} 14.50 | 14.88 | 10.00 3.0 4.9 104.06 | 132.94] 4 8 8
APaAwets 22.80 | 17.60 | 16.40 4.4 4.4 92.50 | 113.20 1 5 5
aaneze} 1.11 9
MAMBStH 21.00 | 19.44 | 21.43 5.8 7.8 112.34 | 129.00 2 16 7
Alsat 19.50 | 17.90 | 16.30 57 74 135.00 | 137.55 1 20 20
URSIAS 18.70 | 20.80 | 18.00 4.0 5.6 101.25 | 126.55 3 10 "
USSIAS 16.50 | 16.00 | 14.40 2.5 4.0 101.25 | 101.39 0) 9 10
esses 18.33 | 20.42 | 13.18 2.8 5.3 77.05 | 105.13 4 12 "1
sgststy 15.80 | 18.80 | 11.25 3.2 76 98.50 | 131.88 () 5
a}stsstay 28.60 | 32.20 | 25.80 | 12.0 13.6 204.0 | 143.67 2 5
DexSshy} 16.50 | 15.50 | 14.67 6.0 3.2 120.0 | 85.92 2 6 6
APAAgS Stay 17.40 7.00 | 13.80 2.2 4.0 64.50 | 95.31 7 8 10
stage 19.83 | 22.83 | 12.17 3.3 7.0 77.92 | 136.25 1 6 6

3 2 5

3 0) 6

2

H

Sot Hu}>@ 4H)0H 4H) 4

Fal
a
A
a
2
a
a
=
Ei
=
|
s
s
a

BAAS ASHRAM !: As -> QEAME -> A: BRA 42lES

2
